1661337008563 1.1678280385676674 0
1661337008621 0.9948061137445503 1
1661337008672 0.8665247810053648 2
1661337008742 0.7703516500446144 3
1661337008805 0.6971676023857121 4
1661337008879 0.6388950696034024 5
1661337008943 0.5903589257823284 6
1661337008993 0.5509815370258808 7
1661337009049 0.5167003562409551 8
1661337009110 0.48810750868619646 9
1661337009157 0.46262286775538813 10
1661337009198 0.43997716244854806 11
1661337009242 0.4200362511559473 12
1661337009293 0.4023918552557177 13
1661337009335 0.38610533884130627 14
1661337009404 0.3716577798389011 15
1661337009464 0.3584404022382294 16
1661337009515 0.34654739987410804 17
1661337009565 0.3354336396772997 18
1661337009619 0.3252324127902387 19
1661337009681 0.31599098797893754 20
1661337009733 0.3075452375744275 21
1661337009785 0.2994288475088416 22
1661337009842 0.29195403665715675 23
1661337009898 0.28497336202075785 24
1661337009952 0.2785780497920061 25
1661337009997 0.27264048387070317 26
1661337010040 0.26686810219020035 27
1661337010091 0.26160288910756496 28
1661337010140 0.256505480772248 29
1661337010183 0.25190709950093493 30
1661337010228 0.24750658319787047 31
1661337010269 0.2435209498369427 32
1661337010313 0.23947760141034471 33
1661337010360 0.23571297635312513 34
1661337010408 0.2320637932741636 35
1661337010455 0.22877934640654887 36
1661337010501 0.22561348023726047 37
1661337010551 0.22274412188503884 38
1661337010598 0.21989819093666144 39
1661337010645 0.2171973906901121 40
1661337010692 0.2145025456152719 41
1661337010742 0.21207660890121727 42
1661337010790 0.20981517242323064 43
1661337010837 0.20757836111570815 44
1661337010886 0.2053303147500604 45
1661337010931 0.20334211306420824 46
1661337010978 0.20137543044234638 47
1661337011025 0.1995915302402472 48
1661337011069 0.19780606892775934 49
1661337011109 0.19609568765912241 50
1661337011151 0.19438288281575672 51
1661337011194 0.1928412603162713 52
1661337011235 0.19132073522079565 53
1661337011283 0.18987225761716556 54
1661337011336 0.1883897875246646 55
1661337011384 0.1869790276886804 56
1661337011436 0.1858047583521949 57
1661337011480 0.18453406988190274 58
1661337011527 0.18341193552444038 59
1661337011569 0.18220829327309573 60
1661337011606 0.1811760482626946 61
1661337011659 0.18009027764403435 62
1661337011702 0.17910010771571783 63
1661337011752 0.1781296982943653 64
1661337011797 0.17716119419761972 65
1661337011847 0.17629242937663805 66
1661337011903 0.17541871181250032 67
1661337011963 0.17452067835622745 68
1661337012019 0.17367966405452578 69
1661337012073 0.1729098718945875 70
1661337012127 0.17217914218317618 71
1661337012170 0.17140010962030647 72
1661337012228 0.17077605214524227 73
1661337012281 0.17012740805195153 74
1661337012338 0.16955515991352732 75
1661337012388 0.16887094855674675 76
1661337012436 0.16816926945109814 77
1661337012485 0.16747529973780745 78
1661337012531 0.16698240432072534 79
1661337012578 0.16642826442584643 80
1661337012636 0.16587268736101943 81
1661337012689 0.16533988442882988 82
1661337012746 0.16476708773905202 83
1661337012801 0.16427560339751532 84
1661337012860 0.1637669591830894 85
1661337012913 0.16325204210504646 86
1661337012965 0.16287305460491602 87
1661337013026 0.1624955010741173 88
1661337013081 0.16201958821730925 89
1661337013134 0.16159845777395251 90
1661337013182 0.16121846781967059 91
1661337013236 0.1608563987041739 92
1661337013279 0.16051230115089232 93
1661337013326 0.1601257459059775 94
1661337013364 0.15985702808625435 95
1661337013424 0.15960205608350758 96
1661337013467 0.15934155828666519 97
1661337013514 0.158993181837656 98
1661337013561 0.15864676336509934 99
