1661590120256 1.1678280385676674 0
1661590120319 0.9948061137445503 1
1661590120419 0.8665247810053648 2
1661590120468 0.7703516500446144 3
1661590120523 0.6971676023857121 4
1661590120575 0.6388950696034024 5
1661590120626 0.5903589257823284 6
1661590120693 0.5509815370258808 7
1661590120758 0.5167003562409551 8
1661590120841 0.48810750868619646 9
1661590120921 0.46262286775538813 10
1661590120954 0.43997716244854806 11
1661590121032 0.4200362511559473 12
1661590121094 0.4023918552557177 13
1661590121157 0.38610533884130627 14
1661590121216 0.3716577798389011 15
1661590121307 0.3584404022382294 16
1661590121425 0.34654739987410804 17
1661590121489 0.3354336396772997 18
1661590121558 0.3252324127902387 19
1661590121627 0.31599098797893754 20
1661590121743 0.3075452375744275 21
1661590121812 0.2994288475088416 22
1661590121895 0.29195403665715675 23
1661590121967 0.28497336202075785 24
1661590122035 0.2785780497920061 25
1661590122110 0.27264048387070317 26
1661590122175 0.26686810219020035 27
1661590122259 0.26160288910756496 28
1661590122341 0.256505480772248 29
1661590122392 0.25190709950093493 30
1661590122475 0.24750658319787047 31
1661590122522 0.2435209498369427 32
1661590122585 0.23947760141034471 33
1661590122669 0.23571297635312513 34
1661590122735 0.2320637932741636 35
1661590122791 0.22877934640654887 36
1661590122859 0.22561348023726047 37
1661590122920 0.22274412188503884 38
1661590122976 0.21989819093666144 39
1661590123034 0.2171973906901121 40
1661590123090 0.2145025456152719 41
1661590123162 0.21207660890121727 42
1661590123226 0.20981517242323064 43
1661590123296 0.20757836111570815 44
1661590123365 0.2053303147500604 45
1661590123429 0.20334211306420824 46
1661590123490 0.20137543044234638 47
1661590123542 0.1995915302402472 48
1661590123590 0.19780606892775934 49
1661590123652 0.19609568765912241 50
1661590123713 0.19438288281575672 51
1661590123777 0.1928412603162713 52
1661590123840 0.19132073522079565 53
1661590123912 0.18987225761716556 54
1661590123980 0.1883897875246646 55
1661590124044 0.1869790276886804 56
1661590124101 0.1858047583521949 57
1661590124171 0.18453406988190274 58
1661590124226 0.18341193552444038 59
1661590124296 0.18220829327309573 60
1661590124360 0.1811760482626946 61
1661590124410 0.18009027764403435 62
1661590124477 0.17910010771571783 63
1661590124533 0.1781296982943653 64
1661590124609 0.17716119419761972 65
1661590124658 0.17629242937663805 66
1661590124727 0.17541871181250032 67
1661590124799 0.17452067835622745 68
1661590124866 0.17367966405452578 69
1661590124921 0.1729098718945875 70
1661590124997 0.17217914218317618 71
1661590125063 0.17140010962030647 72
1661590125140 0.17077605214524227 73
1661590125209 0.17012740805195153 74
1661590125281 0.16955515991352732 75
1661590125350 0.16887094855674675 76
1661590125413 0.16816926945109814 77
1661590125460 0.16747529973780745 78
1661590125509 0.16698240432072534 79
1661590125560 0.16642826442584643 80
1661590125603 0.16587268736101943 81
1661590125669 0.16533988442882988 82
1661590125698 0.16476708773905202 83
1661590125736 0.16427560339751532 84
1661590125777 0.1637669591830894 85
1661590125827 0.16325204210504646 86
1661590125884 0.16287305460491602 87
1661590125934 0.1624955010741173 88
1661590125991 0.16201958821730925 89
1661590126069 0.16159845777395251 90
1661590126132 0.16121846781967059 91
1661590126220 0.1608563987041739 92
1661590126290 0.16051230115089232 93
1661590126353 0.1601257459059775 94
1661590126436 0.15985702808625435 95
1661590126491 0.15960205608350758 96
1661590126560 0.15934155828666519 97
1661590126624 0.158993181837656 98
1661590126693 0.15864676336509934 99
