1661341566727 1.1678280385676674 0
1661341566759 0.9948061137445503 1
1661341566806 0.8665247810053648 2
1661341566862 0.7703516500446144 3
1661341566909 0.6971676023857121 4
1661341566961 0.6388950696034024 5
1661341567012 0.5903589257823284 6
1661341567059 0.5509815370258808 7
1661341567106 0.5167003562409551 8
1661341567153 0.48810750868619646 9
1661341567203 0.46262286775538813 10
1661341567237 0.43997716244854806 11
1661341567284 0.4200362511559473 12
1661341567315 0.4023918552557177 13
1661341567385 0.38610533884130627 14
1661341567434 0.3716577798389011 15
1661341567482 0.3584404022382294 16
1661341567514 0.34654739987410804 17
1661341567561 0.3354336396772997 18
1661341567611 0.3252324127902387 19
1661341567642 0.31599098797893754 20
1661341567689 0.3075452375744275 21
1661341567720 0.2994288475088416 22
1661341567767 0.29195403665715675 23
1661341567814 0.28497336202075785 24
1661341567849 0.2785780497920061 25
1661341567896 0.27264048387070317 26
1661341567941 0.26686810219020035 27
1661341567994 0.26160288910756496 28
1661341568041 0.256505480772248 29
1661341568103 0.25190709950093493 30
1661341568151 0.24750658319787047 31
1661341568198 0.2435209498369427 32
1661341568245 0.23947760141034471 33
1661341568292 0.23571297635312513 34
1661341568341 0.2320637932741636 35
1661341568388 0.22877934640654887 36
1661341568435 0.22561348023726047 37
1661341568482 0.22274412188503884 38
1661341568529 0.21989819093666144 39
1661341568576 0.2171973906901121 40
1661341568607 0.2145025456152719 41
1661341568654 0.21207660890121727 42
1661341568685 0.20981517242323064 43
1661341568732 0.20757836111570815 44
1661341568763 0.2053303147500604 45
1661341568813 0.20334211306420824 46
1661341568855 0.20137543044234638 47
1661341568901 0.1995915302402472 48
1661341568950 0.19780606892775934 49
1661341568987 0.19609568765912241 50
1661341569034 0.19438288281575672 51
1661341569082 0.1928412603162713 52
1661341569129 0.19132073522079565 53
1661341569173 0.18987225761716556 54
1661341569209 0.1883897875246646 55
1661341569252 0.1869790276886804 56
1661341569298 0.1858047583521949 57
1661341569330 0.18453406988190274 58
1661341569361 0.18341193552444038 59
1661341569392 0.18220829327309573 60
1661341569455 0.1811760482626946 61
1661341569502 0.18009027764403435 62
1661341569533 0.17910010771571783 63
1661341569580 0.1781296982943653 64
1661341569634 0.17716119419761972 65
1661341569680 0.17629242937663805 66
1661341569728 0.17541871181250032 67
1661341569760 0.17452067835622745 68
1661341569807 0.17367966405452578 69
1661341569853 0.1729098718945875 70
1661341569900 0.17217914218317618 71
1661341569952 0.17140010962030647 72
1661341570001 0.17077605214524227 73
1661341570033 0.17012740805195153 74
1661341570083 0.16955515991352732 75
1661341570126 0.16887094855674675 76
1661341570179 0.16816926945109814 77
1661341570210 0.16747529973780745 78
1661341570261 0.16698240432072534 79
1661341570308 0.16642826442584643 80
1661341570347 0.16587268736101943 81
1661341570378 0.16533988442882988 82
1661341570425 0.16476708773905202 83
1661341570470 0.16427560339751532 84
1661341570517 0.1637669591830894 85
1661341570554 0.16325204210504646 86
1661341570598 0.16287305460491602 87
1661341570630 0.1624955010741173 88
1661341570676 0.16201958821730925 89
1661341570726 0.16159845777395251 90
1661341570778 0.16121846781967059 91
1661341570834 0.1608563987041739 92
1661341570881 0.16051230115089232 93
1661341570927 0.1601257459059775 94
1661341570991 0.15985702808625435 95
1661341571038 0.15960205608350758 96
1661341571085 0.15934155828666519 97
1661341571120 0.158993181837656 98
1661341571156 0.15864676336509934 99
