1661482599660 1.1678280385676674 0
1661482599706 0.9948061137445503 1
1661482599751 0.8665247810053648 2
1661482599798 0.7703516500446144 3
1661482599853 0.6971676023857121 4
1661482599906 0.6388950696034024 5
1661482600066 0.5903589257823284 6
1661482600116 0.5509815370258808 7
1661482600163 0.5167003562409551 8
1661482600206 0.48810750868619646 9
1661482600254 0.46262286775538813 10
1661482600298 0.43997716244854806 11
1661482600341 0.4200362511559473 12
1661482600383 0.4023918552557177 13
1661482600422 0.38610533884130627 14
1661482600466 0.3716577798389011 15
1661482600515 0.3584404022382294 16
1661482600559 0.34654739987410804 17
1661482600598 0.3354336396772997 18
1661482600636 0.3252324127902387 19
1661482600682 0.31599098797893754 20
1661482600720 0.3075452375744275 21
1661482600766 0.2994288475088416 22
1661482600827 0.29195403665715675 23
1661482600872 0.28497336202075785 24
1661482600919 0.2785780497920061 25
1661482600975 0.27264048387070317 26
1661482601027 0.26686810219020035 27
1661482601078 0.26160288910756496 28
1661482601121 0.256505480772248 29
1661482601177 0.25190709950093493 30
1661482601223 0.24750658319787047 31
1661482601264 0.2435209498369427 32
1661482601306 0.23947760141034471 33
1661482601347 0.23571297635312513 34
1661482601391 0.2320637932741636 35
1661482601442 0.22877934640654887 36
1661482601494 0.22561348023726047 37
1661482601538 0.22274412188503884 38
1661482601581 0.21989819093666144 39
1661482601625 0.2171973906901121 40
1661482601677 0.2145025456152719 41
1661482601727 0.21207660890121727 42
1661482601771 0.20981517242323064 43
1661482601814 0.20757836111570815 44
1661482601862 0.2053303147500604 45
1661482601915 0.20334211306420824 46
1661482601966 0.20137543044234638 47
1661482602013 0.1995915302402472 48
1661482602061 0.19780606892775934 49
1661482602112 0.19609568765912241 50
1661482602157 0.19438288281575672 51
1661482602204 0.1928412603162713 52
1661482602246 0.19132073522079565 53
1661482602286 0.18987225761716556 54
1661482602328 0.1883897875246646 55
1661482602374 0.1869790276886804 56
1661482602430 0.1858047583521949 57
1661482602480 0.18453406988190274 58
1661482602530 0.18341193552444038 59
1661482602572 0.18220829327309573 60
1661482602610 0.1811760482626946 61
1661482602658 0.18009027764403435 62
1661482602706 0.17910010771571783 63
1661482602747 0.1781296982943653 64
1661482602787 0.17716119419761972 65
1661482602841 0.17629242937663805 66
1661482602887 0.17541871181250032 67
1661482602930 0.17452067835622745 68
1661482602976 0.17367966405452578 69
1661482603020 0.1729098718945875 70
1661482603065 0.17217914218317618 71
1661482603106 0.17140010962030647 72
1661482603147 0.17077605214524227 73
1661482603192 0.17012740805195153 74
1661482603230 0.16955515991352732 75
1661482603280 0.16887094855674675 76
1661482603328 0.16816926945109814 77
1661482603375 0.16747529973780745 78
1661482603416 0.16698240432072534 79
1661482603467 0.16642826442584643 80
1661482603513 0.16587268736101943 81
1661482603558 0.16533988442882988 82
1661482603603 0.16476708773905202 83
1661482603643 0.16427560339751532 84
1661482603683 0.1637669591830894 85
1661482603728 0.16325204210504646 86
1661482603777 0.16287305460491602 87
1661482603822 0.1624955010741173 88
1661482603869 0.16201958821730925 89
1661482603913 0.16159845777395251 90
1661482603955 0.16121846781967059 91
1661482604008 0.1608563987041739 92
1661482604053 0.16051230115089232 93
1661482604100 0.1601257459059775 94
1661482604144 0.15985702808625435 95
1661482604195 0.15960205608350758 96
1661482604246 0.15934155828666519 97
1661482604295 0.158993181837656 98
1661482604339 0.15864676336509934 99
