1661317732259 1.1678280385676674 0
1661317732306 0.9948061137445503 1
1661317732361 0.8665247810053648 2
1661317732412 0.7703516500446144 3
1661317732447 0.6971676023857121 4
1661317732489 0.6388950696034024 5
1661317732617 0.5903589257823284 6
1661317732681 0.5509815370258808 7
1661317732722 0.5167003562409551 8
1661317732775 0.48810750868619646 9
1661317732830 0.46262286775538813 10
1661317732876 0.43997716244854806 11
1661317732922 0.4200362511559473 12
1661317732962 0.4023918552557177 13
1661317733002 0.38610533884130627 14
1661317733043 0.3716577798389011 15
1661317733084 0.3584404022382294 16
1661317733117 0.34654739987410804 17
1661317733155 0.3354336396772997 18
1661317733187 0.3252324127902387 19
1661317733230 0.31599098797893754 20
1661317733328 0.3075452375744275 21
1661317733366 0.2994288475088416 22
1661317733397 0.29195403665715675 23
1661317733439 0.28497336202075785 24
1661317733481 0.2785780497920061 25
1661317733519 0.27264048387070317 26
1661317733559 0.26686810219020035 27
1661317733594 0.26160288910756496 28
1661317733628 0.256505480772248 29
1661317733666 0.25190709950093493 30
1661317733702 0.24750658319787047 31
1661317733743 0.2435209498369427 32
1661317733780 0.23947760141034471 33
1661317733812 0.23571297635312513 34
1661317733852 0.2320637932741636 35
1661317733886 0.22877934640654887 36
1661317733923 0.22561348023726047 37
1661317733964 0.22274412188503884 38
1661317734003 0.21989819093666144 39
1661317734036 0.2171973906901121 40
1661317734072 0.2145025456152719 41
1661317734105 0.21207660890121727 42
1661317734146 0.20981517242323064 43
1661317734187 0.20757836111570815 44
1661317734218 0.2053303147500604 45
1661317734253 0.20334211306420824 46
1661317734288 0.20137543044234638 47
1661317734330 0.1995915302402472 48
1661317734369 0.19780606892775934 49
1661317734413 0.19609568765912241 50
1661317734450 0.19438288281575672 51
1661317734489 0.1928412603162713 52
1661317734535 0.19132073522079565 53
1661317734584 0.18987225761716556 54
1661317734629 0.1883897875246646 55
1661317734681 0.1869790276886804 56
1661317734728 0.1858047583521949 57
1661317734776 0.18453406988190274 58
1661317734816 0.18341193552444038 59
1661317734851 0.18220829327309573 60
1661317734885 0.1811760482626946 61
1661317734926 0.18009027764403435 62
1661317734964 0.17910010771571783 63
1661317734996 0.1781296982943653 64
1661317735042 0.17716119419761972 65
1661317735085 0.17629242937663805 66
1661317735133 0.17541871181250032 67
1661317735174 0.17452067835622745 68
1661317735210 0.17367966405452578 69
1661317735248 0.1729098718945875 70
1661317735281 0.17217914218317618 71
1661317735320 0.17140010962030647 72
1661317735358 0.17077605214524227 73
1661317735394 0.17012740805195153 74
1661317735431 0.16955515991352732 75
1661317735472 0.16887094855674675 76
1661317735520 0.16816926945109814 77
1661317735554 0.16747529973780745 78
1661317735594 0.16698240432072534 79
1661317735635 0.16642826442584643 80
1661317735663 0.16587268736101943 81
1661317735698 0.16533988442882988 82
1661317735736 0.16476708773905202 83
1661317735775 0.16427560339751532 84
1661317735811 0.1637669591830894 85
1661317735844 0.16325204210504646 86
1661317735889 0.16287305460491602 87
1661317735929 0.1624955010741173 88
1661317735963 0.16201958821730925 89
1661317736002 0.16159845777395251 90
1661317736036 0.16121846781967059 91
1661317736075 0.1608563987041739 92
1661317736114 0.16051230115089232 93
1661317736156 0.1601257459059775 94
1661317736195 0.15985702808625435 95
1661317736237 0.15960205608350758 96
1661317736280 0.15934155828666519 97
1661317736316 0.158993181837656 98
1661317736365 0.15864676336509934 99
