1661424157671 1.1678280385676674 0
1661424157733 0.9948061137445503 1
1661424157795 0.8665247810053648 2
1661424157858 0.7703516500446144 3
1661424157941 0.6971676023857121 4
1661424158011 0.6388950696034024 5
1661424158075 0.5903589257823284 6
1661424158154 0.5509815370258808 7
1661424158248 0.5167003562409551 8
1661424158328 0.48810750868619646 9
1661424158409 0.46262286775538813 10
1661424158504 0.43997716244854806 11
1661424158593 0.4200362511559473 12
1661424158664 0.4023918552557177 13
1661424158740 0.38610533884130627 14
1661424158810 0.3716577798389011 15
1661424158883 0.3584404022382294 16
1661424158957 0.34654739987410804 17
1661424159019 0.3354336396772997 18
1661424159086 0.3252324127902387 19
1661424159155 0.31599098797893754 20
1661424159261 0.3075452375744275 21
1661424159374 0.2994288475088416 22
1661424159461 0.29195403665715675 23
1661424159559 0.28497336202075785 24
1661424159625 0.2785780497920061 25
1661424159783 0.27264048387070317 26
1661424159846 0.26686810219020035 27
1661424159904 0.26160288910756496 28
1661424160020 0.256505480772248 29
1661424160174 0.25190709950093493 30
1661424160251 0.24750658319787047 31
1661424160323 0.2435209498369427 32
1661424160377 0.23947760141034471 33
1661424160452 0.23571297635312513 34
1661424160512 0.2320637932741636 35
1661424160570 0.22877934640654887 36
1661424160635 0.22561348023726047 37
1661424160700 0.22274412188503884 38
1661424160762 0.21989819093666144 39
1661424160820 0.2171973906901121 40
1661424160877 0.2145025456152719 41
1661424160935 0.21207660890121727 42
1661424161003 0.20981517242323064 43
1661424161063 0.20757836111570815 44
1661424161118 0.2053303147500604 45
1661424161180 0.20334211306420824 46
1661424161246 0.20137543044234638 47
1661424161303 0.1995915302402472 48
1661424161365 0.19780606892775934 49
1661424161421 0.19609568765912241 50
1661424161493 0.19438288281575672 51
1661424161542 0.1928412603162713 52
1661424161588 0.19132073522079565 53
1661424161637 0.18987225761716556 54
1661424161690 0.1883897875246646 55
1661424161759 0.1869790276886804 56
1661424161837 0.1858047583521949 57
1661424161895 0.18453406988190274 58
1661424161965 0.18341193552444038 59
1661424162013 0.18220829327309573 60
1661424162063 0.1811760482626946 61
1661424162117 0.18009027764403435 62
1661424162178 0.17910010771571783 63
1661424162240 0.1781296982943653 64
1661424162298 0.17716119419761972 65
1661424162362 0.17629242937663805 66
1661424162421 0.17541871181250032 67
1661424162500 0.17452067835622745 68
1661424162560 0.17367966405452578 69
1661424162632 0.1729098718945875 70
1661424162706 0.17217914218317618 71
1661424162818 0.17140010962030647 72
1661424162889 0.17077605214524227 73
1661424162956 0.17012740805195153 74
1661424163036 0.16955515991352732 75
1661424163135 0.16887094855674675 76
1661424163207 0.16816926945109814 77
1661424163286 0.16747529973780745 78
1661424163392 0.16698240432072534 79
1661424163499 0.16642826442584643 80
1661424163560 0.16587268736101943 81
1661424163631 0.16533988442882988 82
1661424163698 0.16476708773905202 83
1661424163792 0.16427560339751532 84
1661424163852 0.1637669591830894 85
1661424163913 0.16325204210504646 86
1661424163965 0.16287305460491602 87
1661424164026 0.1624955010741173 88
1661424164084 0.16201958821730925 89
1661424164147 0.16159845777395251 90
1661424164205 0.16121846781967059 91
1661424164273 0.1608563987041739 92
1661424164329 0.16051230115089232 93
1661424164391 0.1601257459059775 94
1661424164455 0.15985702808625435 95
1661424164523 0.15960205608350758 96
1661424164590 0.15934155828666519 97
1661424164651 0.158993181837656 98
1661424164710 0.15864676336509934 99
