1661308976920 1.1678280385676674 0
1661308976970 0.9948061137445503 1
1661308977016 0.8665247810053648 2
1661308977058 0.7703516500446144 3
1661308977104 0.6971676023857121 4
1661308977150 0.6388950696034024 5
1661308977204 0.5903589257823284 6
1661308977252 0.5509815370258808 7
1661308977296 0.5167003562409551 8
1661308977340 0.48810750868619646 9
1661308977380 0.46262286775538813 10
1661308977419 0.43997716244854806 11
1661308977471 0.4200362511559473 12
1661308977513 0.4023918552557177 13
1661308977554 0.38610533884130627 14
1661308977595 0.3716577798389011 15
1661308977638 0.3584404022382294 16
1661308977685 0.34654739987410804 17
1661308977730 0.3354336396772997 18
1661308977774 0.3252324127902387 19
1661308977814 0.31599098797893754 20
1661308977858 0.3075452375744275 21
1661308977903 0.2994288475088416 22
1661308977944 0.29195403665715675 23
1661308977988 0.28497336202075785 24
1661308978033 0.2785780497920061 25
1661308978080 0.27264048387070317 26
1661308978128 0.26686810219020035 27
1661308978165 0.26160288910756496 28
1661308978207 0.256505480772248 29
1661308978252 0.25190709950093493 30
1661308978295 0.24750658319787047 31
1661308978341 0.2435209498369427 32
1661308978383 0.23947760141034471 33
1661308978427 0.23571297635312513 34
1661308978474 0.2320637932741636 35
1661308978529 0.22877934640654887 36
1661308978577 0.22561348023726047 37
1661308978619 0.22274412188503884 38
1661308978667 0.21989819093666144 39
1661308978710 0.2171973906901121 40
1661308978752 0.2145025456152719 41
1661308978799 0.21207660890121727 42
1661308978842 0.20981517242323064 43
1661308978884 0.20757836111570815 44
1661308978934 0.2053303147500604 45
1661308978993 0.20334211306420824 46
1661308979037 0.20137543044234638 47
1661308979082 0.1995915302402472 48
1661308979123 0.19780606892775934 49
1661308979171 0.19609568765912241 50
1661308979220 0.19438288281575672 51
1661308979264 0.1928412603162713 52
1661308979315 0.19132073522079565 53
1661308979361 0.18987225761716556 54
1661308979405 0.1883897875246646 55
1661308979460 0.1869790276886804 56
1661308979501 0.1858047583521949 57
1661308979551 0.18453406988190274 58
1661308979600 0.18341193552444038 59
1661308979646 0.18220829327309573 60
1661308979694 0.1811760482626946 61
1661308979741 0.18009027764403435 62
1661308979780 0.17910010771571783 63
1661308979826 0.1781296982943653 64
1661308979875 0.17716119419761972 65
1661308979924 0.17629242937663805 66
1661308979972 0.17541871181250032 67
1661308980016 0.17452067835622745 68
1661308980067 0.17367966405452578 69
1661308980109 0.1729098718945875 70
1661308980150 0.17217914218317618 71
1661308980195 0.17140010962030647 72
1661308980237 0.17077605214524227 73
1661308980280 0.17012740805195153 74
1661308980379 0.16955515991352732 75
1661308980428 0.16887094855674675 76
1661308980468 0.16816926945109814 77
1661308980512 0.16747529973780745 78
1661308980557 0.16698240432072534 79
1661308980601 0.16642826442584643 80
1661308980648 0.16587268736101943 81
1661308980693 0.16533988442882988 82
1661308980736 0.16476708773905202 83
1661308980783 0.16427560339751532 84
1661308980828 0.1637669591830894 85
1661308980880 0.16325204210504646 86
1661308980928 0.16287305460491602 87
1661308980969 0.1624955010741173 88
1661308981018 0.16201958821730925 89
1661308981068 0.16159845777395251 90
1661308981124 0.16121846781967059 91
1661308981170 0.1608563987041739 92
1661308981211 0.16051230115089232 93
1661308981252 0.1601257459059775 94
1661308981301 0.15985702808625435 95
1661308981359 0.15960205608350758 96
1661308981400 0.15934155828666519 97
1661308981443 0.158993181837656 98
1661308981494 0.15864676336509934 99
